%eval_id interface         m_root          m_top         p_root          p_top         t_root          t_top          alpha           span      chord_tip    my_function  my_constraint 
1            NO_ID           0.08           0.08            0.4            0.4           0.15           0.15          -3.15             10              1  0.01248496674     0.00034648 
2            NO_ID   0.0827790626  0.08070355739   0.4000300354   0.3999410556   0.1499695058   0.1496374387   -3.146009493    10.00047317   0.9999483435  0.01288276483    -0.01401913 
3            NO_ID  0.08501640492  0.08136453295   0.4001367131   0.3999731883   0.1500717492   0.1495110443   -3.142183188    10.00091768   0.9998833891  0.01344853801    -0.03297102 
4            NO_ID  0.08804852142  0.08071775627   0.3998636034   0.3999555359   0.1488063647   0.1485565887   -3.137577057    10.00193173   0.9994887117  0.01366925736    -0.04279292 
5            NO_ID   0.0908788926  0.07997288887   0.3996037378   0.3997811868   0.1479164876   0.1478387399   -3.133209657    10.00293008    0.999200401   0.0140419937    -0.05649841 
6            NO_ID  0.09301566342  0.07989215046   0.3993663157   0.3996079658   0.1467014433   0.1469372266   -3.129091747    10.00419114   0.9989399573  0.01422079257    -0.06401169 
7            NO_ID  0.09491706756  0.07986535446   0.3990018495   0.3994209017     0.14557668   0.1462772792   -3.125155809    10.00545987    0.998666078  0.01460528673    -0.07678187 
8            NO_ID   0.0965980859  0.07981504851   0.3987605423   0.3992966468   0.1446924238    0.145476597   -3.121416052    10.00660953   0.9984273283  0.01486158844    -0.08508646 
9            NO_ID  0.09792695569  0.08013026916   0.3986991108   0.3993065998   0.1443230353   0.1446325978   -3.117798951    10.00771234   0.9982840214  0.01498140406    -0.08993328 
10           NO_ID  0.09881454728  0.08048615047   0.3999414275   0.3994742942   0.1445039356   0.1433506648   -3.114224319    10.00884309   0.9990152494   0.0152659537    -0.09826869 
11           NO_ID  0.09965633967  0.08078598419   0.4011728876   0.3998283494   0.1445686329   0.1422490959   -3.110721393    10.00995362   0.9996332387  0.01555861967    -0.10652167 
12           NO_ID   0.1004495432  0.08114002738   0.4016733461   0.3987686895   0.1450011424   0.1411474117   -3.107014534    10.01141844     1.00023075  0.01557706033    -0.10794896 
13           NO_ID   0.1011945027  0.08147397598   0.4021149586   0.3978026051   0.1454166147   0.1401058992   -3.103410161     10.0128304    1.000858192  0.01598945534     -0.1193431 
14           NO_ID   0.1016179094  0.08209550545   0.4015985069   0.3975923659   0.1465336392   0.1390812246   -3.099761341    10.01432532    1.000178814  0.01605588088    -0.12210804 
15           NO_ID   0.1020328117  0.08267651085   0.4010798904   0.3973824407   0.1475688426   0.1381803974   -3.096138976    10.01580139   0.9994190251  0.01622011688    -0.12657887 
16           NO_ID   0.1024290261  0.08347983118   0.4007952729   0.3971690708   0.1490709602   0.1361090941   -3.090287142    10.01845979    1.000131077    0.016380383    -0.13119239 
17           NO_ID   0.1027765294  0.08420803517   0.4004608683   0.3970396382   0.1504497248   0.1342694929   -3.084799498    10.02089067     1.00080033  0.01671933313    -0.14058042 
18           NO_ID   0.1030572489  0.08437157175   0.4003368661   0.3966918639   0.1505779666    0.133659669   -3.080627061    10.02359111    1.001183777  0.01667300969    -0.13964641 
19           NO_ID   0.1033282515  0.08453375483   0.4002449361   0.3963538176   0.1507064989   0.1330647645    -3.07646069    10.02629182    1.001538785  0.01697325155    -0.14752609 
20           NO_ID    0.103597966  0.08469126643   0.4002204606    0.395985582   0.1508250231   0.1324623988   -3.072335631     10.0289584    1.001838819  0.01692138889     -0.1471386 
21           NO_ID   0.1039558967  0.08486211268   0.3995363986   0.3957691341   0.1509230993   0.1319769646   -3.068358501     10.0313338    1.002572527  0.01713048652    -0.15271562 
22           NO_ID   0.1042991043  0.08502978624   0.3988712316   0.3955635338   0.1510264471   0.1315024685   -3.064434902    10.03365538    1.003274697  0.01727709025    -0.15701091 
23           NO_ID   0.1046346091  0.08519058142   0.3982203196   0.3953633166   0.1511184182    0.131043445   -3.060559288    10.03589834    1.003995474  0.01732520983    -0.15879095 
24           NO_ID   0.1108835824  0.08859974066   0.4124395332   0.3889242661   0.1502858513   0.1230178076   -2.669668368      10.273663   0.9925475905  0.02093392296    -0.25793207 
25           NO_ID  0.08044964125  0.06569401884   0.3709730013    0.427497544   0.1364790982   0.1789858445    1.569963724    11.00935018    1.049082228  0.03085098822    -0.47303975 
26           NO_ID  0.08349425633  0.07651987548   0.4113395056    0.403537494   0.1511152184   0.1527661911    1.309726319    11.09093627    1.011176273  0.03321199524     -0.5287229 
27           NO_ID  0.08258905489  0.07615920164   0.4120737788     0.40259596    0.151421085   0.1534010866   0.9070601033    10.99621724    1.009630226   0.0303789486    -0.46869242 
28           NO_ID  0.07687479576  0.07311608167   0.4009373986    0.403996307   0.1540120979   0.1589669316   -1.874359591    10.45345253    1.011737073  0.01573206998    -0.10548306 
29           NO_ID  0.07596181802    0.073313136   0.4022339948   0.4015095274   0.1565619137   0.1576861976   -2.707815742    10.39009578    1.005683303  0.01271521156    -0.01537883 
30           NO_ID  0.07630110338  0.07386607512    0.405865934   0.3986093364    0.158400584   0.1557776589   -2.975627475    10.47602694    0.997653825  0.01195162768     0.00406331 
31           NO_ID   0.0800972161  0.07894306155    0.417410492   0.3871375117   0.1702570722   0.1415144313   -3.678059508     11.0721809   0.9619867112  0.01142960426    -0.00574648 
32           NO_ID  0.08608861709  0.08658502255   0.4143369466   0.3787376016   0.1899990129    0.120602936   -4.823031083    11.99910588   0.9208642646  0.01043863878     0.00176913 
33           NO_ID  0.08713968129  0.08503400552   0.4147955034   0.3786436551   0.1874706384   0.1235814019   -4.864264221    12.19514327     0.91706873  0.01040114108    -0.00223655 
34           NO_ID  0.08661414919  0.08580951403    0.414566225   0.3786906284   0.1887348256    0.122092169   -4.843647652    12.09712457   0.9189664973  0.01049410743     0.00038028 
35           NO_ID  0.08752759042  0.08483737041   0.4065309065   0.3821938407   0.1878611434   0.1241838018   -4.904943863    12.25496245   0.9213800008  0.01008697907     0.00480232 
36           NO_ID   0.0870708698  0.08532344222   0.4105485657   0.3804422345   0.1882979845   0.1231379854   -4.874295757    12.17604351    0.920173249  0.01028186228     0.00384861 
37           NO_ID  0.08868452897  0.08462437555   0.3908155009   0.3885750111   0.1891270296   0.1247432001   -4.999993715    12.43728689   0.9274781173 0.009998555884     0.00191468 
38           NO_ID  0.08787769939  0.08497390889   0.4006820333   0.3845086228   0.1887125071   0.1239405927   -4.937144736     12.3066652   0.9238256832  0.01003473934      0.0029715 
39           NO_ID  0.08882623899  0.08441325574   0.3895396038   0.3891251897   0.1889326366   0.1251778947   -4.999996857     12.4654525   0.9278211749   0.0100542197     0.00077409 
40           NO_ID  0.08835196919  0.08469358231   0.3951108185   0.3868169062   0.1888225718   0.1245592437   -4.968570797    12.38605885   0.9258234291  0.01007286841     0.00028712 
41           NO_ID  0.08887539545  0.08432884752   0.3887120617   0.3894782489   0.1889085552   0.1253616616   -4.999998429    12.47658803   0.9280897138  0.01002529423    -0.00074971 
42           NO_ID  0.08861368232  0.08451121491   0.3919114401   0.3881475776   0.1888655635   0.1249604526   -4.984284613    12.43132344   0.9269565714  0.01003733813     0.00016728 
43           NO_ID  0.08916877717   0.0834151729   0.3826877903    0.392001983   0.1885467517     0.12724891   -4.999999214    12.56696378   0.9294599008  0.01002190787     0.00065261 
44           NO_ID  0.08889122974  0.08396319391   0.3872996152   0.3900747803   0.1887061576   0.1261046813   -4.992141913    12.49914361   0.9282082361  0.01005003551    -0.00215501 
45           NO_ID  0.08875245603  0.08423720441   0.3896055276   0.3891111789   0.1887858606    0.125532567   -4.988213263    12.46523353   0.9275824038  0.01008173109     0.00018382 
46           NO_ID  0.08868306918  0.08437420966   0.3907584839   0.3886293783    0.188825712   0.1252465098   -4.986248938    12.44827849   0.9272694876  0.01004299114     0.00445408 
47           NO_ID  0.08864837575  0.08444271229    0.391334962   0.3883884779   0.1888456378   0.1251034812   -4.985266775    12.43980096   0.9271130295  0.01005534835     0.00102726 
42           NO_ID  0.08861368232  0.08451121491   0.3919114401   0.3881475776   0.1888655635   0.1249604526   -4.984284613    12.43132344   0.9269565714  0.01003733813     0.00016728 
