%eval_id interface         m_root          m_tip         p_root          p_tip         t_root          t_tip          alpha           span      chord_tip    my_function  my_constraint 
1            NO_ID 0.002339846813  0.02760648797   0.4944744391   0.4342250308  0.08214489986   0.1148073837    3.563237211    14.87516758            0.5 0.008873528788    -0.00183493 
2            NO_ID  0.00255784111  0.02744350102     0.49437941   0.4341834583  0.08212880631   0.1147966913    3.563080541    14.87445154   0.5004318507 0.008860723091    -0.00554788 
3            NO_ID 0.002476360212  0.02764185674   0.4942971251    0.434106421  0.08206898867   0.1147149647    3.563228428    14.87373431   0.5009279657 0.008953838933     -0.0082618 
4            NO_ID 0.002356787464  0.02799940482   0.4941622685    0.434023871  0.08209453582   0.1145804041    3.563490364    14.87289692   0.5011615879 0.008821523689    -0.00395292 
5            NO_ID 0.002359304339  0.02806549443   0.4940658675   0.4339018079  0.08208955465   0.1143412085    3.563873168    14.87220191   0.5012727733 0.008927204017      -0.005669 
6            NO_ID  0.00237408967     0.02875313   0.4932302382   0.4325397971  0.08216975655   0.1119640387    3.567938238    14.86489998   0.5024680756 0.008989413515    -0.00714678 
7            NO_ID 0.002375400581  0.02882720522   0.4930276359   0.4324866883   0.0821654168   0.1116955288    3.568372553    14.86419075   0.5026542986 0.009035432197    -0.01038659 
8            NO_ID 0.002383446537  0.02890999209   0.4928104544     0.43243161   0.0820579472   0.1114294075    3.568686074    14.86346631   0.5028239421 0.009040691932    -0.01132303 
9            NO_ID 0.002394441556  0.02896406723   0.4925673523    0.432386036  0.08189946231   0.1113121182    3.568830073    14.86275028   0.5030390544 0.009041968965    -0.01169264 
10           NO_ID 0.002396380298   0.0289803344   0.4925167903   0.4324113922  0.08185810704    0.111264457    3.569373535    14.86217364   0.5030921702 0.009004585133    -0.01036268 
11           NO_ID 0.002398261642  0.02899705019    0.492464872   0.4324250472  0.08181919568    0.111217187    3.569902277    14.86160619   0.5031452118 0.009000479776     -0.0101459 
12           NO_ID 0.002405686956   0.0290618114   0.4923698595   0.4324541546  0.08168121476   0.1110332919    3.570288118    14.86101907     0.50336732 0.009020617383    -0.01267493 
13           NO_ID 0.002406399637   0.0290633294   0.4924041929   0.4324858182  0.08166660834   0.1110245157    3.570749335    14.86051387    0.503376073 0.009007148802    -0.01097649 
14           NO_ID 0.002407188921   0.0290651212   0.4924440103   0.4325197009  0.08165071427   0.1110145728    3.571203279    14.86001126   0.5033863205 0.009000030732    -0.01041484 
15           NO_ID 0.002237093716  0.03071280896   0.4317469043   0.4196070007  0.08358393164   0.1090246749    4.183092404    14.20081273   0.5028804024 0.009854699988    -0.05035484 
16           NO_ID 0.002206120653  0.03134222208   0.4305019855   0.4141850209  0.08485779517   0.1078706427     4.20292088    14.18461949   0.5050216721 0.009844577358     -0.0537293 
17           NO_ID 0.002185322494  0.03180506787   0.4293827981   0.4098047883  0.08589377048   0.1070752982    4.226081385    14.16902379   0.5066565247 0.009909801373    -0.05521888 
18           NO_ID 0.002170306298   0.0321645735   0.4283764125   0.4061498471  0.08676100351   0.1064928112    4.251038865    14.15400476   0.5079676333  0.01011632306    -0.05930692 
19           NO_ID 0.002158945999  0.03245789518   0.4274550492   0.4029696014  0.08752101622   0.1060453841    4.275310952    14.13946002    0.509070545  0.01018769552    -0.06303871 
20           NO_ID 0.002155193415  0.03254074398   0.4271494045   0.4015881066  0.08791611846   0.1060103989    4.306793675    14.11616424   0.5095680539  0.01024883137    -0.06618977 
21           NO_ID 0.001927687629  0.03804111015   0.4057630997   0.3016576645   0.1167922292   0.1049765946    6.676608276    12.35981723   0.5449531952  0.01609857778    -0.23455536 
22           NO_ID  0.00201406139  0.03238916078    0.434601942   0.3689290415   0.1045289462   0.1141533046    7.246244416    11.33952292   0.5293363109  0.01567802828    -0.18793839 
23           NO_ID 0.002029885593  0.03236364948    0.434577009   0.3686916964     0.10441366   0.1141281663    7.128193438    11.41235183   0.5289043312  0.01572840732    -0.18865329 
24           NO_ID 0.002042648509  0.03421806395    0.439231204   0.3714186368   0.1018156321   0.1060934737    3.993869899     12.3653973   0.5253003816 0.009308073707     0.02626497 
25           NO_ID 0.002055002868  0.03432334864   0.4437463753    0.365470598   0.1029260532   0.1065488485    4.426298769    12.45144618   0.5275243932  0.01007163072    -0.01463097 
26           NO_ID  0.00205777165   0.0343172511   0.4527096085   0.3705474303   0.1010820319   0.1054715313    4.188593392    12.66414543   0.5266064833 0.009771313848    -0.00310755 
27           NO_ID 0.002189296704  0.03158824046   0.4843471097   0.4216916464  0.08345020787   0.1049538837    3.723899071    13.97769258   0.5101031548 0.009018603726      0.0011332 
28           NO_ID 0.002221191137  0.03087605071   0.4837226357   0.4320300833  0.08000017251   0.1055300311    3.689717492    14.16190035   0.5059078802 0.008932775198     0.00076213 
29           NO_ID 0.002256890716  0.03169809404   0.4999807236   0.4226676947  0.08060249163   0.1033096239    3.424070966    14.78823955   0.5089356438    0.008916955     0.00118726 
30           NO_ID 0.002292943379   0.0315078967    0.497567594   0.4218424493  0.08027470757   0.1038491452     3.39583336    14.93844468   0.5078849135 0.008945903256    -0.00298822 
31           NO_ID 0.002434375102  0.03007372921   0.4629180964    0.419797495  0.08037097008   0.1088995991    3.423989859    14.95589115   0.5012107902  0.00881240932     0.00116354 
32           NO_ID 0.002363659241  0.03079081295   0.4802428452   0.4208199722  0.08032283882   0.1063743722     3.40991161    14.94716792   0.5045478518 0.008847757738     0.00268316 
33           NO_ID 0.002422142474  0.03019870991    0.468467318   0.4201407777  0.08029915196   0.1083919158    3.449636823    14.97149966   0.5020566569 0.008745275243     0.00155145 
34           NO_ID 0.002392900857  0.03049476143   0.4743550816   0.4204803749  0.08031099539    0.107383144    3.429774216    14.95933379   0.5033022544 0.008853995592     0.00010228 
35           NO_ID 0.002445847039  0.02979473622    0.469761831   0.4219972585  0.08019218875   0.1094110931    3.470754314    14.92454154   0.5013316103 0.008893620062    -0.00330859 
36           NO_ID 0.002419373948  0.03014474883   0.4720584563   0.4212388167  0.08025159207   0.1083971185    3.450264265    14.94193766   0.5023169323 0.008834774056    -0.00125408 
37           NO_ID 0.002497851835  0.02933114998   0.4698376584    0.421777064  0.08021850024   0.1107530875    3.452159004     14.9999971   0.5002941861 0.008699166504     0.00205693 
38           NO_ID 0.002506972284  0.02921301784   0.4695316994   0.4220635241  0.08017738579   0.1110800409    3.460284139    14.99989735   0.5000000147 0.008795021035     0.00060129 
39           NO_ID 0.002519821428  0.02904589081    0.472952293   0.4228531781  0.08010318532   0.1114364707    3.468479204    14.99962246   0.5000110014 0.008831177236    -0.00265282 
40           NO_ID 0.002527607983  0.02892019506   0.4759732866   0.4237370862  0.08000000516   0.1116616043    3.464297528    14.99956241   0.5000122877 0.008786537883    -0.00010449 
41           NO_ID 0.002529536788  0.02888930082   0.4761772694   0.4237504261  0.08000440511   0.1117591491    3.463989054    14.99943315   0.5000051634 0.008805351342    -0.00142467 
42           NO_ID 0.002528572385  0.02890474794    0.476075278   0.4237437562  0.08000220514   0.1117103767    3.464143291    14.99949778   0.5000087256 0.008844399912    -0.00090057 
43           NO_ID 0.002528090184   0.0289124715   0.4760242823   0.4237404212  0.08000110515   0.1116859905     3.46422041     14.9995301   0.5000105066 0.008752982798    -0.00120366 
44           NO_ID  0.00268461788  0.02641440244   0.4999988012   0.4263974852  0.08000218187   0.1192122443    3.512142254    14.99923761   0.5000024865 0.008823746689    -0.00196582 
45           NO_ID 0.002606354032  0.02766343697   0.4880115417   0.4250689532  0.08000164351   0.1154491174    3.488181332    14.99938385   0.5000064966 0.008849868843    -0.00341934 
46           NO_ID 0.002567222108  0.02828795423    0.482017912   0.4244046872  0.08000137433   0.1135675539    3.476200871    14.99945697   0.5000085016  0.00881113297    -0.00117505 
47           NO_ID 0.002547656146  0.02860021286   0.4790210972   0.4240725542  0.08000123974   0.1126267722     3.47021064    14.99949354   0.5000095041 0.008846775034    -0.00111252 
48           NO_ID 0.002537873165  0.02875634218   0.4775226897   0.4239064877  0.08000117244   0.1121563813    3.467215525    14.99951182   0.5000100054 0.008778327816     0.00153011 
43           NO_ID 0.002528090184   0.0289124715   0.4760242823   0.4237404212  0.08000110515   0.1116859905     3.46422041     14.9995301   0.5000105066 0.008752982798    -0.00120366 
