%eval_id interface         m_root          m_top         p_root          p_top         t_root          t_top          alpha           span      chord_tip    my_function  my_constraint 
1            NO_ID              0              0            0.4            0.4           0.12           0.12           5.78             10              1  0.01205543894    -0.00224656 
2            NO_ID 0.005825107837 0.004710202697            0.4            0.4   0.1204634016   0.1201021206     5.77821632    10.00279823    1.000142277   0.0137503644    -0.05015022 
3            NO_ID  0.00612218324 0.004668957858   0.4000045495   0.4000002767   0.1204383642    0.120056754     5.77767744    10.00289255    1.000116165  0.01377969597    -0.05125368 
4            NO_ID 0.007330277501 0.006672999801   0.3999930443   0.4000366544   0.1200196102    0.119792301    5.772142267     10.0043625    1.000009308  0.01419212057    -0.06128746 
5            NO_ID 0.008064472573 0.007891918296   0.4000308333   0.4000605488   0.1197020185   0.1195044605    5.765879861     10.0054585   0.9997693567  0.01473759336    -0.07583249 
6            NO_ID 0.008125980389 0.007987573248   0.3998106217   0.3999432884   0.1189801546   0.1185034971    5.768448388    10.01096338    1.000165766  0.01463287558    -0.07334071 
7            NO_ID  0.01153189069  0.01234318702   0.3826095981    0.387115055   0.0896125629  0.09729471771    5.864326189    10.23279627    1.017003392  0.01602532061     -0.1226669 
8            NO_ID 0.009232119397  0.01454294451   0.3976745135   0.3987825833   0.1499969806   0.1367990228    5.927692861    10.92646479    1.054629336  0.01913562412    -0.21956211 
9            NO_ID  0.01734460228   0.0233573533   0.3975998509   0.4011467015  0.08032689499  0.09314182235    5.939687297    11.86967484    1.056838729  0.02216304212    -0.35019553 
10           NO_ID  0.01688548686  0.02423387275   0.3983636666    0.401194699   0.1124639055   0.1139130921    5.616742529    12.12383584    1.061124124  0.02258496886    -0.36537349 
11           NO_ID  0.01681874114  0.02375339242   0.3985543644   0.4010646798   0.1124282698   0.1138088445    5.082802069    12.19463542    1.027882349  0.01999378915     -0.3042224 
12           NO_ID  0.01561373292  0.02071563056   0.3918833813   0.3998554092   0.1101847532   0.1132195311    3.420776369    12.36700277   0.9227049085  0.01250113254    -0.07545775 
13           NO_ID  0.02157246711  0.02771123413   0.3935484021   0.4088975107   0.1117433558   0.1195335447    1.901333868    13.44919207   0.9078524023  0.01119888939    -0.03610146 
14           NO_ID  0.01958000766  0.02426300416   0.3776701156   0.3908752879   0.1034828971   0.1166649821    2.324624841    13.03016492   0.8538426959  0.01073430357     -0.0147872 
15           NO_ID  0.02222155387  0.02708454556    0.373560079   0.3727293689   0.1002835468   0.1209648524    1.852504444    13.41625274   0.8187785289  0.01010797816     0.00154501 
16           NO_ID  0.02572701252  0.02867179795   0.3387685824   0.3311116788  0.09097173611   0.1430965863    1.704945158    13.70410876   0.7177231336 0.009783780426     0.00184289 
17           NO_ID  0.02755759677  0.03024885849    0.350264171   0.3280829867  0.08288702967    0.144242548    1.560015201    13.95757215   0.6533777967 0.009496630351     0.00572658 
18           NO_ID  0.02867695101  0.03177212668   0.3812420619   0.3311086239  0.08172676625   0.1444408561    1.650076631    14.20929199   0.5000076689  0.00887779094     0.01233929 
19           NO_ID  0.02811727389  0.03101049258   0.3657531165   0.3295958053  0.08230689796   0.1443417021    1.605045916    14.08343207   0.5766927328 0.009126695166     0.01052451 
20           NO_ID  0.02783743533  0.03062967554   0.3580086437    0.328839396  0.08259696381    0.144292125    1.582530559    14.02050211   0.6150352648 0.009267216689     0.00809717 
21           NO_ID  0.02906842071  0.03185609607   0.3539848173   0.3313505533  0.08000012985   0.1431093028    1.552274287    14.17503864   0.5727723865 0.009102266228     0.00540853 
22           NO_ID  0.03071561483  0.03355271806   0.3349064533   0.3580157627  0.08008269599   0.1369587397    1.606242196    14.35581875   0.5086258365 0.009162945768    -0.00565493 
23           NO_ID  0.03087563201   0.0333890806   0.3307761326   0.3639342895  0.08008929206   0.1390829876    1.606159872    14.36897248   0.5000004313 0.009153503955    -0.00489414 
24           NO_ID  0.03079562342  0.03347089933   0.3328412929   0.3609750261  0.08008599403   0.1380208636    1.606201034    14.36239562   0.5043131339 0.009165851904    -0.00731605 
25           NO_ID  0.03113399421  0.03390456624   0.3274264864   0.3637414894  0.08010586769   0.1359185734    1.565145111    14.40865089   0.5000002157 0.009191335284    -0.00611025 
26           NO_ID  0.03096480881  0.03368773279   0.3301338897   0.3623582578  0.08009593086   0.1369697185    1.585673073    14.38552325   0.5021566748 0.009293623381    -0.00828218 
27           NO_ID  0.03088021612  0.03357931606   0.3314875913   0.3616666419  0.08009096244   0.1374952911    1.595937053    14.37395943   0.5032349043 0.009191246127    -0.00684369 
28           NO_ID  0.03131225607  0.03416179386   0.3232589165   0.3639457225  0.08011776601   0.1343547872    1.534879256    14.43102727   0.5000001617 0.009140431117    -0.00330842 
29           NO_ID  0.03109623609  0.03387055496   0.3273732539   0.3628061822  0.08010436423   0.1359250391    1.565408155    14.40249335    0.501617533 0.009337985472    -0.00561666 
30           NO_ID  0.03164241273  0.03456944453    0.321431011   0.3683321941   0.0802381804    0.133973589    1.400561763    14.54733455   0.5033095601 0.009008190163     0.00110832 
31           NO_ID  0.03152936823  0.03439709081   0.3245878623   0.3693912061  0.08021286899   0.1350294358    1.421329511    14.55171503   0.5000001655 0.009112540879     -0.0020569 
32           NO_ID  0.03158589048  0.03448326767   0.3230094367   0.3688617001  0.08022552469   0.1345015124    1.410945637    14.54952479   0.5016548628 0.009008208187     0.00138935 
33           NO_ID   0.0316141516   0.0345263561   0.3222202238   0.3685969471  0.08023185254   0.1342375507      1.4057537    14.54842967   0.5024822114 0.008896457467     0.00502294 
34           NO_ID  0.03162828217  0.03454790032   0.3218256174   0.3684645706  0.08023501647   0.1341055698    1.403157731    14.54788211   0.5028958858 0.009137990413     0.00017792 
35           NO_ID  0.03163534745  0.03455867242   0.3216283142   0.3683983823  0.08023659843   0.1340395794    1.401859747    14.54760833   0.5031027229   0.0090236694       9.54e-06 
36           NO_ID  0.03155185332  0.03443912685   0.3224001815   0.3644147414  0.08000001183   0.1355782772    1.401882778    14.57819289   0.5030486318 0.008988203698     0.00125271 
37           NO_ID  0.03132126272  0.03418387325   0.3234498701   0.3571403237  0.08000055178   0.1389815461    1.417013792    14.65589255   0.5000001524 0.009049377129     0.00037056 
38           NO_ID  0.03079382532  0.03361537758    0.326270058   0.3447959779  0.08000175819     0.14380838    1.441234631    14.75110248   0.5000120963 0.008987103727     -0.0007329 
39           NO_ID  0.02954888065  0.03235548006   0.3331599639   0.3215639567  0.08000232158   0.1499996904     1.51699329    14.81759379   0.5074759196  0.00887265891     0.00032306 
40           NO_ID  0.03006331222  0.03284303548   0.3300883988   0.3287978805  0.08000154346   0.1499625553    1.466417557    14.88653529   0.5000003738 0.008880054503     0.00059161 
41           NO_ID  0.02991971672  0.03279643487   0.3306692451   0.3272873828  0.08000133565   0.1499999981    1.464001233    14.94218625   0.5000100339 0.008924133645     -0.0011152 
42           NO_ID  0.02976956183  0.03275087521   0.3312802526   0.3257464784  0.08000137095   0.1499999026     1.45878565    14.99999711   0.5000110423 0.008971343697    -0.00065607 
43           NO_ID  0.02979376191  0.03275796506   0.3310480028    0.326225847  0.08000216851   0.1499953403    1.452867992    14.99774341   0.5000324717 0.009046877173    -0.00090545 
44           NO_ID  0.02979632738  0.03276133019   0.3310391981   0.3262370044  0.08000216823   0.1499949402     1.45248869    14.99775131   0.5000000016 0.008991716093     0.00132376 
45           NO_ID  0.02979504465  0.03275964763   0.3310436005   0.3262314257  0.08000216837   0.1499951402    1.452678341    14.99774736   0.5000162367 0.008962965183     -0.0009712 
46           NO_ID  0.02979593806  0.03276085229   0.3310392707   0.3262460117  0.08000217426   0.1499937634    1.452503697    14.99779123   0.5000000008 0.008968830841     0.00111571 
47           NO_ID  0.02979549135  0.03276024996   0.3310414356   0.3262387187  0.08000217132   0.1499944518    1.452591019     14.9977693   0.5000081187 0.008976606512    -0.00078523 
48           NO_ID  0.02979615619  0.03276090033   0.3310360448   0.3262593057  0.08000216159   0.1499929343    1.452432737    14.99781446   0.5000000004   0.0089867303      0.0007996 
49           NO_ID  0.02979582377  0.03276057514   0.3310387402   0.3262490122  0.08000216645    0.149993693    1.452511878    14.99779188   0.5000040596 0.008926924606    -0.00016218 
50           NO_ID  0.02978907815  0.03273605977   0.3309132205   0.3267954876  0.08000102223   0.1499690429    1.450052835    14.99957507    0.500401912 0.008923344118     0.00197539 
51           NO_ID  0.02979245096  0.03274831746   0.3309759803   0.3265222499  0.08000159434    0.149981368    1.451282356    14.99868347   0.5002029858 0.008801694925     0.00283694 
52           NO_ID  0.02979413737   0.0327544463   0.3310073603   0.3263856311   0.0800018804   0.1499875305    1.451897117    14.99823768   0.5001035227 0.008926437156     0.00294685 
53           NO_ID  0.02979498057  0.03275751072   0.3310230502   0.3263173216  0.08000202343   0.1499906118    1.452204498    14.99801478   0.5000537911 0.008925784729      0.0017218 
54           NO_ID  0.02979540217  0.03275904293   0.3310308952   0.3262831669  0.08000209494   0.1499921524    1.452358188    14.99790333   0.5000289253 0.008954265417    -0.00443101 
49 NO_ID 2.9795823773e-02 3.2760575141e-02 3.3103874019e-01 3.2624901222e-01 8.0002166454e-02 1.4999369305e-01 1.4525118780e+00 1.4997791876e+01 5.0000405957e-01 8.9269246061e-03 -1.6218000000e-04
