%eval_id interface         m_root          m_top         p_root          p_top         t_root          t_top           span      chord_tip    my_function 
1            NO_ID 0.0007401207721 0.002231215949   0.4566921171   0.4614876367           0.08           0.08             15            0.5   -60.97172046 
2            NO_ID              0 0.002257771674   0.4566912235   0.4614888204           0.08           0.08             15            0.5   -60.45939151 
3            NO_ID 0.0005678813745 0.002237395943   0.4566919091   0.4614879122           0.08           0.08             15            0.5    -60.8987341 
4            NO_ID 0.0006954034604 0.002232820418   0.4566920631   0.4614877082           0.08           0.08             15            0.5   -61.01612174 
5            NO_ID              0 0.002185429938   0.4566912406   0.4614881216           0.08           0.08             15            0.5   -60.44996478 
6            NO_ID 0.0005278528554 0.002221402149   0.4566918649   0.4614878078           0.08           0.08             15            0.5   -60.73733441 
7            NO_ID 0.0006738592062 0.002231352216   0.4566920376    0.461487721           0.08           0.08             15            0.5   -60.99299302 
8            NO_ID 0.0006913067011 0.002232541231   0.4566920583   0.4614877107           0.08           0.08             15            0.5   -60.95892807 
9            NO_ID 0.0006949937845 0.002232792499   0.4566920626   0.4614877085           0.08           0.08             15            0.5   -61.02145343 
10           NO_ID 8.967163267e-06              0   0.4567395284   0.4614512299           0.08           0.08             15            0.5   -60.32582806 
11           NO_ID 0.0005317498464 0.001701486819   0.4567033574   0.4614790282           0.08           0.08             15            0.5   -60.95712702 
12           NO_ID 0.0006433404071 0.002064677633   0.4566956365   0.4614849619           0.08           0.08             15            0.5    -60.8944316 
13           NO_ID 0.0006897595362 0.002215756731   0.4566924248   0.4614874301           0.08           0.08             15            0.5   -60.95904859 
14           NO_ID 0.0006944703596 0.002231088922   0.4566920988   0.4614876806           0.08           0.08             15            0.5   -61.01748431 
15           NO_ID 0.000694941442 0.002232622141   0.4566920662   0.4614877057           0.08           0.08             15            0.5   -61.02661007
